0 0,0 0,0
1000 2,0 0,1
2000 3,5 0,2
3000 3,7 0,2
4000 4,3 0,2
5000 3,8 0,2
6000 3,7 0,3
7000 3,4 0,4
8000 3,5 0,4
9000 3,6 0,4
10000 3,6 0,4
11000 3,6 0,5
12000 3,8 0,5
13000 4,0 0,6
14000 3,9 0,7
15000 4,2 0,7
16000 4,2 0,7
17000 4,2 0,7
18000 4,2 0,7
19000 4,1 0,7
20000 4,0 0,7
21000 4,1 0,8
22000 4,1 0,8
23000 4,2 0,8
24000 4,4 0,9
25000 4,4 0,9
26000 4,3 0,9
27000 4,4 0,9
28000 4,4 0,9
29000 4,5 0,9
30000 4,6 1,0
31000 4,6 1,0
32000 4,6 1,0
33000 4,7 1,0
34000 4,8 1,0
35000 4,9 1,1
36000 4,9 1,1
37000 4,9 1,1
38000 4,9 1,1
39000 4,8 1,1
40000 4,8 1,2
41000 4,9 1,2
42000 4,9 1,2
43000 4,9 1,3
44000 4,9 1,3
45000 5,0 1,3
46000 5,0 1,3
47000 5,3 1,4
48000 5,3 1,5
49000 5,3 1,5
50000 5,4 1,6
51000 5,4 1,6
52000 5,4 1,7
53000 5,5 1,7
54000 5,3 1,8
55000 5,4 1,8
56000 5,4 1,8
57000 5,4 1,8
58000 5,4 1,9
59000 5,4 1,9
60000 5,4 2,0
61000 5,4 2,0
62000 5,5 2,1
63000 5,5 2,1
64000 5,5 2,1
65000 5,5 2,2
66000 5,5 2,2
67000 5,5 2,2
68000 5,6 2,2
69000 5,6 2,3
70000 5,7 2,3
71000 5,7 2,3
72000 5,7 2,3
73000 5,7 2,3
74000 5,8 2,3
75000 5,8 2,4
76000 5,9 2,4
77000 5,9 2,4
78000 5,9 2,4
79000 5,9 2,5
80000 5,9 2,5
81000 5,9 2,5
82000 5,9 2,5
83000 5,9 2,5
84000 5,9 2,5
85000 6,1 2,5
86000 6,1 2,6
87000 6,1 2,5
88000 6,1 2,6
89000 6,2 2,6
90000 6,1 2,6
91000 6,2 2,6
92000 6,2 2,6
93000 6,2 2,6
94000 6,2 2,6
95000 6,2 2,6
96000 6,1 2,5
97000 6,1 2,5
98000 6,2 2,5
99000 6,2 2,5
100000 6,2 2,5
101000 6,2 2,5
102000 6,2 2,5
103000 6,2 2,5
104000 6,2 2,5
105000 6,2 2,5
106000 6,2 2,5
107000 6,2 2,5
108000 6,3 2,5
109000 6,3 2,5
110000 6,3 2,6
111000 6,3 2,6
112000 6,3 2,6
113000 6,3 2,6
114000 6,3 2,6
115000 6,3 2,6
116000 6,3 2,6
117000 6,3 2,6
118000 6,3 2,6
119000 6,3 2,6
120000 6,4 2,6
121000 6,4 2,6
122000 6,4 2,7
123000 6,4 2,7
124000 6,4 2,7
125000 6,4 2,7
126000 6,4 2,7
127000 6,4 2,7
128000 6,4 2,7
129000 6,4 2,7
130000 6,5 2,7
131000 6,5 2,7
132000 6,5 2,8
133000 6,5 2,8
134000 6,5 2,8
135000 6,5 2,8
136000 6,5 2,8
137000 6,6 2,8
138000 6,6 2,8
139000 6,6 2,8
140000 6,6 2,8
141000 6,6 2,8
142000 6,6 2,8
143000 6,6 2,8
144000 6,7 2,8
145000 6,7 2,8
146000 6,7 2,8
147000 6,7 2,8
148000 6,7 2,8
149000 6,7 2,8
150000 6,7 2,8
151000 6,7 2,8
152000 6,7 2,8
153000 6,8 2,9
154000 6,8 2,8
155000 6,8 2,8
156000 6,8 2,8
157000 6,8 2,8
158000 6,8 2,8
159000 6,8 2,9
160000 6,8 2,9
161000 6,8 2,9
162000 6,8 2,9
163000 6,8 2,9
164000 6,9 2,9
165000 6,9 2,9
166000 6,9 2,9
167000 6,9 2,9
168000 6,9 2,9
169000 6,9 2,9
170000 6,9 2,9
171000 6,9 2,9
172000 6,9 2,9
173000 6,9 2,9
174000 6,9 2,9
175000 7,0 2,9
176000 7,0 2,9
177000 7,0 2,9
178000 7,0 2,9
179000 7,0 2,9
180000 7,0 2,9
181000 7,0 2,9
182000 7,0 2,9
183000 7,0 2,9
184000 7,0 2,9
185000 7,0 2,9
186000 7,0 2,9
187000 7,0 2,9
188000 7,0 2,9
189000 7,0 2,9
190000 7,0 2,9
191000 7,2 2,9
192000 7,2 2,9
193000 7,2 2,9
194000 7,2 2,9
195000 7,2 2,9
196000 7,1 2,9
197000 7,1 2,9
198000 7,1 2,9
199000 7,1 2,9
200000 7,2 2,9
201000 7,2 2,9
202000 7,2 3,0
203000 7,2 2,9
204000 7,2 3,0
205000 7,3 3,0
206000 7,3 3,0
207000 7,2 3,0
208000 7,2 3,0
209000 7,2 3,0
210000 7,3 3,0
211000 7,3 3,0
212000 7,3 3,0
213000 7,3 3,0
214000 7,3 3,0
215000 7,3 3,0
216000 7,3 3,0
217000 7,3 3,0
218000 7,3 3,0
219000 7,3 3,0
220000 7,3 3,0
221000 7,3 3,0
222000 7,3 3,0
223000 7,3 3,0
224000 7,3 3,0
225000 7,3 3,0
226000 7,3 3,0
227000 7,3 3,0
228000 7,3 3,0
229000 7,3 3,0
230000 7,3 3,0
231000 7,3 3,0
232000 7,3 3,0
233000 7,3 3,0
234000 7,3 3,0
235000 7,3 3,1
236000 7,4 3,1
237000 7,4 3,1
238000 7,4 3,1
239000 7,3 3,1
240000 7,3 3,1
241000 7,5 3,1
242000 7,5 3,1
243000 7,5 3,1
244000 7,5 3,1
245000 7,5 3,1
246000 7,5 3,1
247000 7,5 3,1
248000 7,5 3,1
249000 7,5 3,1
250000 7,5 3,1
251000 7,5 3,1
252000 7,5 3,1
253000 7,5 3,1
254000 7,5 3,1
255000 7,5 3,2
256000 7,5 3,2
257000 7,5 3,1
258000 7,6 3,2
259000 7,6 3,2
260000 7,6 3,2
261000 7,6 3,2
262000 7,6 3,2
263000 7,6 3,2
264000 7,6 3,2
265000 7,6 3,2
266000 7,6 3,2
267000 7,6 3,2
268000 7,6 3,2
269000 7,6 3,2
270000 7,6 3,2
271000 7,6 3,2
272000 7,6 3,2
273000 7,6 3,2
274000 7,6 3,2
275000 7,7 3,2
276000 7,7 3,2
277000 7,6 3,2
278000 7,7 3,2
279000 7,7 3,2
280000 7,7 3,2
281000 7,7 3,3
282000 7,7 3,3
283000 7,7 3,3
284000 7,9 3,3
285000 7,9 3,3
286000 7,9 3,3
287000 7,9 3,3
288000 7,9 3,3
289000 7,9 3,3
290000 7,8 3,3
291000 7,8 3,3
292000 7,8 3,3
293000 7,8 3,3
294000 7,8 3,3
295000 7,9 3,3
296000 7,9 3,3
297000 7,8 3,3
298000 8,0 3,3
299000 8,0 3,3
300000 8,0 3,4
301000 8,0 3,4
302000 8,0 3,4
303000 7,9 3,4
304000 7,9 3,4
305000 7,9 3,4
306000 8,1 3,4
307000 8,0 3,4
308000 8,0 3,4
309000 8,0 3,4
310000 8,0 3,4
311000 8,0 3,4
312000 8,1 3,4
313000 8,0 3,4
314000 8,0 3,4
315000 8,0 3,4
316000 8,0 3,4
317000 8,0 3,5
318000 8,0 3,5
319000 8,0 3,5
320000 8,0 3,5
321000 8,0 3,5
322000 8,0 3,5
323000 8,0 3,5
324000 8,0 3,5
325000 8,0 3,5
326000 8,0 3,5
327000 8,0 3,5
328000 8,1 3,5
329000 8,1 3,5
330000 8,0 3,5
331000 8,1 3,5
332000 8,1 3,5
333000 8,1 3,5
334000 8,1 3,5
335000 8,1 3,5
336000 8,1 3,5
337000 8,1 3,5
338000 8,1 3,5
339000 8,1 3,6
340000 8,1 3,6
341000 8,1 3,6
342000 8,1 3,6
343000 8,1 3,6
344000 8,1 3,6
345000 8,1 3,6
346000 8,1 3,6
347000 8,1 3,6
348000 8,1 3,6
349000 8,1 3,6
350000 8,1 3,6
351000 8,1 3,6
352000 8,1 3,6
353000 8,1 3,6
354000 8,1 3,6
355000 8,1 3,6
356000 8,1 3,6
357000 8,1 3,6
358000 8,1 3,6
359000 8,1 3,6
360000 8,1 3,6
361000 8,1 3,6
362000 8,1 3,6
363000 8,1 3,6
364000 8,1 3,6
365000 8,1 3,6
366000 8,1 3,6
367000 8,1 3,6
368000 8,1 3,6
369000 8,1 3,6
370000 8,1 3,6
371000 8,1 3,7
372000 8,1 3,7
373000 8,1 3,7
374000 8,1 3,7
375000 8,1 3,7
376000 8,1 3,7
377000 8,1 3,7
378000 8,1 3,7
379000 8,1 3,7
380000 8,1 3,7
381000 8,1 3,7
382000 8,1 3,7
383000 8,1 3,7
384000 8,1 3,7
385000 8,1 3,7
386000 8,1 3,7
387000 8,1 3,7
388000 8,1 3,7
389000 8,1 3,7
390000 8,1 3,7
391000 8,1 3,7
392000 8,1 3,7
393000 8,1 3,7
394000 8,2 3,7
395000 8,2 3,7
396000 8,2 3,7
397000 8,2 3,7
398000 8,2 3,7
399000 8,2 3,7
400000 8,2 3,7
401000 8,1 3,7
402000 8,2 3,7
403000 8,3 3,7
404000 8,3 3,7
405000 8,3 3,7
406000 8,3 3,7
407000 8,3 3,7
408000 8,3 3,8
409000 8,3 3,7
410000 8,3 3,7
411000 8,3 3,7
412000 8,3 3,8
413000 8,3 3,8
414000 8,3 3,8
415000 8,3 3,8
416000 8,3 3,8
417000 8,3 3,8
418000 8,3 3,8
419000 8,3 3,8
420000 8,3 3,8
421000 8,3 3,8
422000 8,3 3,8
423000 8,3 3,8
424000 8,3 3,8
425000 8,3 3,8
426000 8,3 3,8
427000 8,3 3,8
428000 8,3 3,8
429000 8,3 3,8
430000 8,3 3,8
431000 8,3 3,8
432000 8,3 3,8
433000 8,3 3,8
434000 8,3 3,8
435000 8,4 3,8
436000 8,4 3,8
437000 8,3 3,8
438000 8,3 3,8
439000 8,4 3,8
440000 8,4 3,8
441000 8,4 3,8
442000 8,4 3,8
443000 8,4 3,8
444000 8,4 3,8
445000 8,4 3,8
446000 8,4 3,8
447000 8,4 3,8
448000 8,4 3,8
449000 8,4 3,8
450000 8,4 3,8
451000 8,4 3,8
452000 8,4 3,8
453000 8,4 3,8
454000 8,4 3,8
455000 8,4 3,8
456000 8,4 3,8
457000 8,6 3,9
458000 8,6 3,9
459000 8,6 3,9
460000 8,6 3,9
461000 8,6 3,9
462000 8,6 3,9
463000 8,6 3,9
464000 8,6 3,9
465000 8,6 3,9
466000 8,6 3,9
467000 8,6 3,9
468000 8,6 3,9
469000 8,6 3,9
470000 8,6 3,9
471000 8,6 3,9
472000 8,6 3,9
473000 8,6 3,9
474000 8,6 3,9
475000 8,6 3,9
476000 8,6 3,9
477000 8,6 3,9
478000 8,6 3,9
479000 8,6 3,9
480000 8,6 3,9
481000 8,6 3,9
482000 8,6 3,9
483000 8,6 3,9
484000 8,6 3,9
485000 8,6 3,9
486000 8,6 3,9
487000 8,6 3,9
488000 8,6 3,9
489000 8,6 3,9
490000 8,6 3,9
491000 8,6 3,9
492000 8,6 3,9
493000 8,7 3,9
494000 8,7 3,9
495000 8,6 3,9
496000 8,6 3,9
497000 8,6 3,9
498000 8,7 3,9
499000 8,6 3,9
500000 8,7 3,9
