0 0,0 0,0
1000 2,1 0,1
2000 4,3 0,1
3000 8,1 0,3
4000 7,3 0,3
5000 8,3 0,3
6000 5,3 0,3
7000 7,9 0,4
8000 9,4 0,5
9000 9,1 0,5
10000 9,1 0,6
11000 12,4 0,7
12000 9,0 0,6
13000 9,9 0,7
14000 9,8 0,7
15000 12,0 0,8
16000 14,7 1,0
17000 14,9 1,0
18000 14,1 1,0
19000 13,9 1,0
20000 16,1 1,2
21000 15,7 1,2
22000 17,3 1,3
23000 19,9 1,4
24000 20,8 1,5
25000 21,4 1,6
26000 18,4 1,5
27000 19,7 1,6
28000 20,6 1,7
29000 19,2 1,7
30000 19,9 1,8
31000 20,2 1,8
32000 22,3 1,9
33000 20,8 1,9
34000 22,9 2,0
35000 22,6 2,0
36000 21,5 2,0
37000 20,5 2,0
38000 23,0 2,1
39000 24,4 2,2
40000 23,2 2,2
41000 21,6 2,2
42000 22,9 2,3
43000 23,6 2,3
44000 24,3 2,4
45000 23,8 2,4
46000 23,1 2,5
47000 18,4 2,2
48000 20,8 2,3
49000 22,1 2,3
50000 20,2 2,3
51000 22,1 2,4
52000 24,1 2,5
53000 22,9 2,5
54000 23,3 2,6
55000 24,6 2,7
56000 24,0 2,7
57000 25,0 2,8
58000 24,1 2,7
59000 23,6 2,8
60000 24,9 2,9
61000 26,8 3,0
62000 27,0 3,1
63000 27,8 3,1
64000 27,9 3,2
65000 26,4 3,2
66000 24,6 3,1
67000 25,4 3,2
68000 26,3 3,3
69000 28,2 3,4
70000 26,9 3,3
71000 27,9 3,4
72000 25,5 3,3
73000 25,9 3,4
74000 25,3 3,4
75000 26,2 3,4
76000 26,7 3,5
77000 27,9 3,5
78000 28,7 3,6
79000 28,3 3,6
80000 27,0 3,6
81000 28,7 3,7
82000 27,6 3,8
83000 29,1 3,8
84000 29,0 3,9
85000 24,9 3,7
86000 26,0 3,7
87000 26,1 3,8
88000 27,5 3,8
89000 28,6 3,9
90000 30,1 4,0
91000 28,8 4,0
92000 29,9 4,1
93000 29,7 4,1
94000 29,9 4,2
95000 30,4 4,2
96000 31,2 4,3
97000 30,9 4,4
98000 30,7 4,4
99000 30,5 4,4
100000 29,7 4,4
101000 30,3 4,4
102000 30,1 4,5
103000 31,6 4,5
104000 32,0 4,6
105000 30,8 4,6
106000 31,5 4,7
107000 31,0 4,6
108000 31,2 4,7
109000 31,5 4,7
110000 32,0 4,8
111000 32,1 4,8
112000 33,0 4,9
113000 33,3 5,0
114000 33,9 5,0
115000 33,1 5,1
116000 32,9 5,1
117000 32,1 5,0
118000 32,6 5,1
119000 33,1 5,2
120000 32,8 5,2
121000 33,6 5,2
122000 34,1 5,3
123000 33,7 5,3
124000 34,3 5,4
125000 34,7 5,4
126000 34,9 5,5
127000 35,4 5,6
128000 33,9 5,5
129000 34,1 5,6
130000 34,8 5,6
131000 33,7 5,6
132000 33,4 5,6
133000 34,3 5,6
134000 34,5 5,7
135000 34,7 5,7
136000 35,2 5,8
137000 34,5 5,8
138000 35,3 5,8
139000 35,4 5,9
140000 35,4 5,9
141000 35,1 5,9
142000 35,1 5,9
143000 35,1 5,9
144000 35,1 6,0
145000 35,3 6,0
146000 35,8 6,1
147000 36,3 6,1
148000 35,6 6,1
149000 36,3 6,2
150000 36,0 6,2
151000 36,7 6,3
152000 37,1 6,3
153000 35,3 6,2
154000 35,4 6,3
155000 35,7 6,3
156000 36,1 6,3
157000 36,4 6,4
158000 37,1 6,4
159000 37,4 6,5
160000 36,9 6,5
161000 36,7 6,5
162000 36,7 6,5
163000 36,8 6,6
164000 36,4 6,6
165000 36,5 6,6
166000 37,1 6,7
167000 37,6 6,7
168000 37,8 6,8
169000 38,1 6,8
170000 38,1 6,9
171000 38,3 6,9
172000 38,6 7,0
173000 37,6 6,9
174000 37,2 6,9
175000 37,0 6,9
176000 36,7 6,9
177000 37,3 6,9
178000 37,2 6,9
179000 37,7 7,0
180000 38,2 7,0
181000 38,2 7,1
182000 38,3 7,1
183000 38,3 7,1
184000 38,8 7,2
185000 39,1 7,3
186000 39,1 7,3
187000 39,5 7,4
188000 39,8 7,4
189000 39,6 7,4
190000 39,8 7,5
191000 37,4 7,3
192000 37,8 7,3
193000 38,4 7,4
194000 38,7 7,4
195000 39,2 7,5
196000 39,4 7,5
197000 39,4 7,5
198000 39,7 7,6
199000 38,9 7,6
200000 39,1 7,6
201000 38,7 7,6
202000 39,3 7,6
203000 39,8 7,7
204000 39,2 7,7
205000 39,0 7,7
206000 39,2 7,7
207000 39,5 7,7
208000 40,0 7,8
209000 40,4 7,9
210000 39,2 7,8
211000 39,5 7,8
212000 39,7 7,9
213000 39,9 7,9
214000 40,3 8,0
215000 40,6 8,0
216000 39,8 8,0
217000 40,4 8,0
218000 40,8 8,1
219000 40,7 8,1
220000 41,0 8,2
221000 41,2 8,2
222000 41,2 8,2
223000 41,4 8,3
224000 41,7 8,3
225000 42,0 8,4
226000 42,1 8,4
227000 42,2 8,5
228000 42,5 8,6
229000 42,6 8,6
230000 42,5 8,6
231000 42,7 8,7
232000 43,0 8,7
233000 43,2 8,8
234000 43,4 8,8
235000 43,5 8,9
236000 43,1 8,9
237000 43,3 8,9
238000 43,3 9,0
239000 43,5 9,0
240000 43,7 9,0
241000 42,0 8,8
242000 42,2 8,9
243000 42,5 8,9
244000 42,9 9,0
245000 43,3 9,0
246000 43,3 9,0
247000 43,4 9,1
248000 43,6 9,1
249000 43,8 9,2
250000 44,0 9,2
251000 43,8 9,2
252000 44,0 9,3
253000 44,1 9,4
254000 44,2 9,4
255000 44,2 9,4
256000 44,3 9,4
257000 44,4 9,5
258000 43,6 9,4
259000 43,1 9,4
260000 43,5 9,4
261000 43,7 9,5
262000 44,0 9,5
263000 44,1 9,5
264000 44,3 9,6
265000 44,5 9,6
266000 44,5 9,6
267000 44,4 9,7
268000 44,6 9,7
269000 44,7 9,8
270000 44,9 9,8
271000 44,9 9,8
272000 45,0 9,9
273000 45,2 9,9
274000 45,3 10,0
275000 44,8 9,9
276000 45,0 10,0
277000 45,2 10,0
278000 45,4 10,1
279000 45,4 10,1
280000 45,5 10,1
281000 44,8 10,0
282000 45,1 10,1
283000 45,3 10,1
284000 43,6 9,9
285000 43,9 9,9
286000 44,3 10,0
287000 44,4 10,0
288000 44,7 10,0
289000 44,8 10,1
290000 45,0 10,1
291000 45,1 10,2
292000 45,3 10,2
293000 45,4 10,3
294000 45,6 10,3
295000 45,3 10,3
296000 45,5 10,3
297000 45,6 10,3
298000 44,3 10,2
299000 44,3 10,2
300000 44,6 10,2
301000 44,9 10,3
302000 45,1 10,3
303000 45,3 10,3
304000 45,4 10,4
305000 45,5 10,4
306000 44,3 10,2
307000 44,4 10,2
308000 44,8 10,3
309000 45,2 10,3
310000 45,3 10,4
311000 45,6 10,4
312000 45,5 10,4
313000 45,6 10,4
314000 45,7 10,5
315000 45,9 10,6
316000 46,1 10,6
317000 46,3 10,6
318000 46,4 10,7
319000 46,6 10,7
320000 46,5 10,7
321000 46,6 10,8
322000 46,8 10,8
323000 47,0 10,9
324000 47,0 10,9
325000 47,2 11,0
326000 47,4 11,0
327000 47,4 11,0
328000 47,4 11,1
329000 47,6 11,1
330000 47,5 11,1
331000 47,7 11,2
332000 47,7 11,2
333000 47,8 11,2
334000 47,8 11,3
335000 47,9 11,3
336000 48,0 11,3
337000 48,1 11,4
338000 47,7 11,3
339000 47,8 11,3
340000 48,0 11,4
341000 48,1 11,4
342000 48,3 11,5
343000 48,4 11,5
344000 48,5 11,6
345000 48,5 11,6
346000 48,6 11,6
347000 48,6 11,6
348000 48,7 11,7
349000 48,8 11,7
350000 49,0 11,8
351000 49,1 11,8
352000 49,2 11,8
353000 49,0 11,8
354000 49,2 11,9
355000 49,2 11,9
356000 49,4 11,9
357000 49,5 12,0
358000 49,6 12,0
359000 49,7 12,1
360000 49,6 12,1
361000 49,7 12,1
362000 49,8 12,2
363000 49,9 12,2
364000 50,0 12,2
365000 50,1 12,3
366000 50,2 12,3
367000 50,3 12,4
368000 50,3 12,4
369000 50,3 12,4
370000 50,1 12,4
371000 50,2 12,4
372000 50,3 12,5
373000 49,8 12,4
374000 49,9 12,5
375000 50,1 12,5
376000 50,2 12,5
377000 50,1 12,6
378000 50,2 12,6
379000 50,2 12,6
380000 50,4 12,6
381000 50,5 12,7
382000 50,6 12,7
383000 50,7 12,8
384000 50,8 12,8
385000 50,9 12,8
386000 50,8 12,9
387000 50,9 12,9
388000 51,0 12,9
389000 51,1 12,9
390000 51,2 13,0
391000 51,2 13,0
392000 51,3 13,1
393000 51,3 13,1
394000 51,3 13,1
395000 51,4 13,1
396000 51,5 13,2
397000 51,5 13,2
398000 51,6 13,2
399000 51,7 13,3
400000 51,8 13,3
401000 51,9 13,3
402000 51,0 13,2
403000 50,1 13,0
404000 50,3 13,0
405000 50,4 13,0
406000 50,7 13,1
407000 50,7 13,1
408000 50,8 13,1
409000 51,0 13,2
410000 50,9 13,2
411000 50,9 13,2
412000 51,0 13,2
413000 51,2 13,3
414000 51,2 13,3
415000 51,4 13,4
416000 51,4 13,4
417000 51,5 13,4
418000 51,5 13,4
419000 51,6 13,5
420000 51,7 13,5
421000 51,8 13,5
422000 51,8 13,6
423000 51,9 13,6
424000 52,0 13,6
425000 52,0 13,7
426000 52,1 13,7
427000 52,1 13,7
428000 52,2 13,7
429000 52,2 13,8
430000 52,4 13,8
431000 52,4 13,8
432000 52,5 13,9
433000 52,6 13,9
434000 52,7 13,9
435000 52,6 13,9
436000 52,7 13,9
437000 52,8 14,0
438000 52,9 14,0
439000 52,9 14,0
440000 52,3 13,9
441000 52,4 13,9
442000 52,5 13,9
443000 52,5 13,9
444000 52,6 14,0
445000 52,7 14,0
446000 52,8 14,0
447000 52,7 14,0
448000 52,8 14,1
449000 52,8 14,1
450000 52,9 14,1
451000 53,0 14,1
452000 53,0 14,2
453000 53,1 14,2
454000 53,1 14,2
455000 53,3 14,2
456000 53,3 14,3
457000 51,8 13,8
458000 51,9 13,9
459000 52,0 13,9
460000 52,1 13,9
461000 52,2 13,9
462000 52,3 13,9
463000 52,4 14,0
464000 52,5 14,0
465000 52,5 14,0
466000 52,6 14,0
467000 52,5 14,0
468000 52,7 14,1
469000 52,7 14,1
470000 52,8 14,1
471000 52,9 14,2
472000 52,9 14,2
473000 53,0 14,2
474000 53,1 14,2
475000 53,1 14,3
476000 53,2 14,3
477000 53,2 14,3
478000 53,3 14,3
479000 53,4 14,4
480000 53,5 14,4
481000 53,5 14,4
482000 53,6 14,4
483000 53,6 14,5
484000 53,6 14,5
485000 53,7 14,5
486000 53,7 14,5
487000 53,8 14,5
488000 53,9 14,6
489000 53,0 14,4
490000 53,2 14,4
491000 53,3 14,4
492000 53,3 14,5
493000 53,4 14,5
494000 53,4 14,5
495000 53,5 14,6
496000 53,6 14,6
497000 53,6 14,6
498000 53,6 14,6
499000 53,7 14,7
500000 53,8 14,7
