0 0,0 0,0
1000 2,1 0,1
2000 3,5 0,1
3000 6,2 0,2
4000 6,1 0,3
5000 6,0 0,3
6000 4,6 0,3
7000 5,1 0,3
8000 5,2 0,4
9000 5,2 0,4
10000 5,4 0,5
11000 5,8 0,5
12000 5,7 0,5
13000 5,9 0,6
14000 5,9 0,6
15000 6,3 0,7
16000 6,9 0,7
17000 7,2 0,8
18000 7,3 0,8
19000 7,4 0,8
20000 7,7 0,9
21000 7,9 0,9
22000 8,2 1,0
23000 8,6 1,0
24000 8,9 1,1
25000 9,2 1,1
26000 9,4 1,2
27000 9,7 1,2
28000 9,9 1,3
29000 10,1 1,3
30000 10,3 1,3
31000 10,4 1,3
32000 10,6 1,4
33000 10,7 1,4
34000 11,0 1,4
35000 11,0 1,5
36000 11,1 1,5
37000 11,3 1,5
38000 11,6 1,6
39000 11,8 1,6
40000 11,9 1,6
41000 11,6 1,7
42000 11,8 1,7
43000 12,0 1,7
44000 12,1 1,8
45000 12,3 1,8
46000 12,4 1,9
47000 11,5 1,8
48000 11,6 1,9
49000 11,7 1,9
50000 11,5 1,9
51000 11,7 1,9
52000 11,8 2,0
53000 11,9 2,0
54000 12,1 2,1
55000 12,2 2,1
56000 12,3 2,2
57000 12,5 2,2
58000 12,4 2,2
59000 12,5 2,2
60000 12,7 2,3
61000 12,9 2,3
62000 13,0 2,4
63000 13,1 2,4
64000 13,3 2,4
65000 13,4 2,5
66000 13,2 2,5
67000 13,3 2,5
68000 13,5 2,5
69000 13,6 2,6
70000 13,6 2,6
71000 13,7 2,6
72000 13,7 2,6
73000 13,8 2,7
74000 13,8 2,7
75000 13,9 2,7
76000 13,9 2,7
77000 14,1 2,8
78000 14,2 2,8
79000 14,3 2,8
80000 14,3 2,8
81000 14,5 2,9
82000 14,5 2,9
83000 14,7 2,9
84000 14,8 3,0
85000 14,5 2,9
86000 14,6 3,0
87000 14,6 3,0
88000 14,7 3,0
89000 14,8 3,0
90000 15,0 3,1
91000 15,0 3,1
92000 15,1 3,1
93000 15,2 3,1
94000 15,3 3,2
95000 15,4 3,2
96000 15,5 3,2
97000 15,6 3,3
98000 15,6 3,3
99000 15,7 3,3
100000 15,8 3,3
101000 15,8 3,3
102000 15,9 3,4
103000 16,0 3,4
104000 16,1 3,4
105000 16,1 3,4
106000 16,3 3,5
107000 16,3 3,5
108000 16,3 3,5
109000 16,4 3,5
110000 16,5 3,5
111000 16,6 3,6
112000 16,7 3,6
113000 16,8 3,6
114000 16,9 3,7
115000 17,0 3,7
116000 17,0 3,7
117000 17,1 3,7
118000 17,1 3,7
119000 17,2 3,8
120000 17,3 3,8
121000 17,4 3,8
122000 17,5 3,8
123000 17,6 3,9
124000 17,7 3,9
125000 17,8 3,9
126000 17,9 3,9
127000 18,0 4,0
128000 18,0 4,0
129000 18,0 4,0
130000 18,1 4,0
131000 18,2 4,0
132000 18,2 4,0
133000 18,3 4,1
134000 18,3 4,1
135000 18,4 4,1
136000 18,5 4,1
137000 18,6 4,1
138000 18,7 4,2
139000 18,8 4,2
140000 18,8 4,2
141000 18,9 4,2
142000 18,9 4,3
143000 19,0 4,3
144000 19,0 4,3
145000 19,1 4,3
146000 19,2 4,3
147000 19,3 4,4
148000 19,3 4,4
149000 19,4 4,4
150000 19,5 4,4
151000 19,6 4,4
152000 19,7 4,5
153000 19,6 4,5
154000 19,7 4,5
155000 19,8 4,5
156000 19,8 4,5
157000 19,9 4,6
158000 20,0 4,6
159000 20,1 4,6
160000 20,1 4,6
161000 20,2 4,6
162000 20,2 4,6
163000 20,3 4,7
164000 20,3 4,7
165000 20,4 4,7
166000 20,5 4,7
167000 20,6 4,7
168000 20,6 4,8
169000 20,7 4,8
170000 20,8 4,8
171000 20,9 4,8
172000 20,9 4,9
173000 20,9 4,9
174000 21,0 4,9
175000 21,0 4,9
176000 21,0 4,9
177000 21,1 4,9
178000 21,1 4,9
179000 21,2 4,9
180000 21,3 5,0
181000 21,3 5,0
182000 21,4 5,0
183000 21,5 5,0
184000 21,5 5,1
185000 21,6 5,1
186000 21,7 5,1
187000 21,8 5,1
188000 21,9 5,2
189000 21,9 5,2
190000 22,0 5,2
191000 21,8 5,1
192000 21,9 5,2
193000 21,9 5,2
194000 22,0 5,2
195000 22,1 5,2
196000 22,2 5,3
197000 22,2 5,3
198000 22,3 5,3
199000 22,3 5,3
200000 22,4 5,3
201000 22,4 5,3
202000 22,5 5,4
203000 22,5 5,4
204000 22,6 5,4
205000 22,6 5,4
206000 22,7 5,4
207000 22,7 5,4
208000 22,8 5,5
209000 22,9 5,5
210000 22,8 5,5
211000 22,9 5,5
212000 23,0 5,5
213000 23,0 5,5
214000 23,1 5,6
215000 23,2 5,6
216000 23,2 5,6
217000 23,2 5,6
218000 23,3 5,6
219000 23,4 5,6
220000 23,4 5,7
221000 23,5 5,7
222000 23,5 5,7
223000 23,6 5,7
224000 23,7 5,7
225000 23,8 5,8
226000 23,8 5,8
227000 23,9 5,8
228000 24,0 5,8
229000 24,0 5,8
230000 24,1 5,9
231000 24,2 5,9
232000 24,2 5,9
233000 24,3 5,9
234000 24,4 6,0
235000 24,4 6,0
236000 24,5 6,0
237000 24,5 6,0
238000 24,6 6,0
239000 24,7 6,0
240000 24,7 6,1
241000 24,6 6,0
242000 24,7 6,1
243000 24,8 6,1
244000 24,8 6,1
245000 24,9 6,1
246000 25,0 6,1
247000 25,0 6,2
248000 25,1 6,2
249000 25,2 6,2
250000 25,2 6,2
251000 25,3 6,2
252000 25,4 6,3
253000 25,4 6,3
254000 25,5 6,3
255000 25,5 6,3
256000 25,6 6,3
257000 25,7 6,4
258000 25,6 6,3
259000 25,6 6,4
260000 25,7 6,4
261000 25,8 6,4
262000 25,8 6,4
263000 25,9 6,4
264000 26,0 6,4
265000 26,0 6,5
266000 26,1 6,5
267000 26,1 6,5
268000 26,2 6,5
269000 26,2 6,5
270000 26,3 6,5
271000 26,3 6,6
272000 26,4 6,6
273000 26,5 6,6
274000 26,5 6,6
275000 26,5 6,6
276000 26,6 6,6
277000 26,7 6,7
278000 26,7 6,7
279000 26,8 6,7
280000 26,8 6,7
281000 26,8 6,7
282000 26,9 6,7
283000 26,9 6,7
284000 26,8 6,7
285000 26,8 6,7
286000 26,9 6,7
287000 26,9 6,8
288000 27,0 6,8
289000 27,1 6,8
290000 27,1 6,8
291000 27,2 6,8
292000 27,2 6,8
293000 27,3 6,9
294000 27,3 6,9
295000 27,3 6,9
296000 27,4 6,9
297000 27,5 6,9
298000 27,4 6,9
299000 27,4 6,9
300000 27,5 6,9
301000 27,5 6,9
302000 27,6 7,0
303000 27,6 7,0
304000 27,7 7,0
305000 27,7 7,0
306000 27,6 7,0
307000 27,7 7,0
308000 27,7 7,0
309000 27,8 7,0
310000 27,9 7,1
311000 27,9 7,1
312000 27,9 7,1
313000 28,0 7,1
314000 28,1 7,1
315000 28,1 7,1
316000 28,2 7,2
317000 28,2 7,2
318000 28,3 7,2
319000 28,3 7,2
320000 28,4 7,2
321000 28,4 7,2
322000 28,5 7,3
323000 28,6 7,3
324000 28,6 7,3
325000 28,7 7,3
326000 28,7 7,3
327000 28,8 7,3
328000 28,8 7,4
329000 28,9 7,4
330000 28,9 7,4
331000 29,0 7,4
332000 29,0 7,4
333000 29,1 7,4
334000 29,1 7,5
335000 29,2 7,5
336000 29,2 7,5
337000 29,3 7,5
338000 29,3 7,5
339000 29,3 7,5
340000 29,4 7,5
341000 29,4 7,6
342000 29,5 7,6
343000 29,6 7,6
344000 29,6 7,6
345000 29,7 7,6
346000 29,7 7,6
347000 29,8 7,7
348000 29,8 7,7
349000 29,9 7,7
350000 29,9 7,7
351000 30,0 7,7
352000 30,0 7,7
353000 30,1 7,7
354000 30,1 7,8
355000 30,2 7,8
356000 30,2 7,8
357000 30,3 7,8
358000 30,3 7,8
359000 30,4 7,8
360000 30,4 7,9
361000 30,4 7,9
362000 30,5 7,9
363000 30,6 7,9
364000 30,6 7,9
365000 30,7 7,9
366000 30,7 8,0
367000 30,8 8,0
368000 30,8 8,0
369000 30,8 8,0
370000 30,9 8,0
371000 30,9 8,0
372000 31,0 8,1
373000 31,0 8,1
374000 31,0 8,1
375000 31,1 8,1
376000 31,1 8,1
377000 31,2 8,1
378000 31,2 8,1
379000 31,3 8,2
380000 31,3 8,2
381000 31,4 8,2
382000 31,4 8,2
383000 31,5 8,2
384000 31,5 8,2
385000 31,6 8,3
386000 31,6 8,3
387000 31,7 8,3
388000 31,7 8,3
389000 31,8 8,3
390000 31,8 8,3
391000 31,9 8,4
392000 31,9 8,4
393000 32,0 8,4
394000 32,0 8,4
395000 32,0 8,4
396000 32,1 8,4
397000 32,1 8,5
398000 32,2 8,5
399000 32,2 8,5
400000 32,3 8,5
401000 32,3 8,5
402000 32,3 8,5
403000 32,2 8,5
404000 32,3 8,5
405000 32,3 8,5
406000 32,4 8,5
407000 32,4 8,6
408000 32,5 8,6
409000 32,5 8,6
410000 32,6 8,6
411000 32,6 8,6
412000 32,7 8,6
413000 32,7 8,6
414000 32,8 8,7
415000 32,8 8,7
416000 32,9 8,7
417000 32,9 8,7
418000 32,9 8,7
419000 33,0 8,7
420000 33,0 8,8
421000 33,1 8,8
422000 33,1 8,8
423000 33,2 8,8
424000 33,2 8,8
425000 33,3 8,8
426000 33,3 8,8
427000 33,3 8,9
428000 33,4 8,9
429000 33,4 8,9
430000 33,5 8,9
431000 33,5 8,9
432000 33,6 8,9
433000 33,6 9,0
434000 33,7 9,0
435000 33,7 9,0
436000 33,8 9,0
437000 33,8 9,0
438000 33,8 9,0
439000 33,9 9,0
440000 33,9 9,0
441000 33,9 9,0
442000 34,0 9,1
443000 34,0 9,1
444000 34,0 9,1
445000 34,1 9,1
446000 34,1 9,1
447000 34,1 9,1
448000 34,2 9,1
449000 34,2 9,2
450000 34,3 9,2
451000 34,3 9,2
452000 34,3 9,2
453000 34,4 9,2
454000 34,4 9,2
455000 34,5 9,2
456000 34,5 9,2
457000 34,3 9,2
458000 34,4 9,2
459000 34,4 9,2
460000 34,4 9,2
461000 34,5 9,2
462000 34,5 9,3
463000 34,5 9,3
464000 34,6 9,3
465000 34,6 9,3
466000 34,7 9,3
467000 34,7 9,3
468000 34,7 9,3
469000 34,8 9,4
470000 34,8 9,4
471000 34,9 9,4
472000 34,9 9,4
473000 34,9 9,4
474000 35,0 9,4
475000 35,0 9,4
476000 35,1 9,5
477000 35,1 9,5
478000 35,1 9,5
479000 35,2 9,5
480000 35,2 9,5
481000 35,3 9,5
482000 35,3 9,5
483000 35,3 9,6
484000 35,4 9,6
485000 35,4 9,6
486000 35,5 9,6
487000 35,5 9,6
488000 35,5 9,6
489000 35,5 9,6
490000 35,5 9,6
491000 35,6 9,7
492000 35,6 9,7
493000 35,7 9,7
494000 35,7 9,7
495000 35,7 9,7
496000 35,8 9,7
497000 35,8 9,8
498000 35,9 9,8
499000 35,9 9,8
500000 35,9 9,8
